YYYY MM q1q2q3q4q5 q6q7q8q9q0 d1d2d3d4d5
2019 01  228 33012 1329102120 24 5233125
2019 02 2524232619 2022161517 28 2 11321
2019 03 2223211811 24301310 5  117 21628
2019 04 1822211720 2614193028 10 5 8 3 4
2019 05  819 52125 3122121817 141129 1 2
2019 06 11 6101723  129191812  813 42014
2019 07 262025 619 18 3 524 7  91030 1 8
2019 08  319 22915  425142321 31 527 630
2019 09 2023192622 2511101214  128 227 9
2019 10 132322 319 15 8 62017 2526242710
2019 11 18 2 32013 1519 81014 2224212311
2019 12  3292830 5  2 7171624 1819112015