 19  1  1  4  5 12  6  7  2  0  3  5-11 69.5 68.3 70.1
 19  1  2  0  0  0  0  2  2  0  0  1-11 72.7 68.4 70.1
 19  1  3  4  0  0  2  2  0  0  2  1-11 70.2 68.4 70.1
 19  1  4  5  2  4  6  7 15 12 18  9-11 69.1 68.4 70.1
 19  1  5 48 27  9  9  6  9  7 15 16-11 68.8 68.4 70.1
 19  1  6  6 12  9  6  7 12 15  7  9-11 69.6 68.4 70.1
 19  1  7  6  9  6  7  6  2  2  7  6-11 69.1 68.5 70.0
 19  1  8  9  6  5  9  5  3  5  2  6-11 69.0 68.5 70.0
 19  1  9  6  3  4  5  3  2  4  4  4-11 69.2 68.5 70.0
 19  1 10  4  3  4  4  5  2  0  3  3-11 67.8 68.5 70.0
 19  1 11  5  6 18  5  5  2  5  2  6-11 65.9 68.6 70.0
 19  1 12  3  2  0  0  4  3  2  2  2-11 67.3 68.6 70.0
 19  1 13  2  4  3  3  0  0  3  4  2-11 66.6 68.6 70.0
 19  1 14  7  6  7  7  3  6  4 12  7-11 67.8 68.7 69.9
 19  1 15 12  3  5  3  3  4  5  4  5-11 67.3 68.7 69.9
 19  1 16  2  6  6  2  2  4  7 12  5-11 67.5 68.7 69.9
 19  1 17 12  7  3  5  4  7  7  6  6-11 66.4 68.7 69.9
 19  1 18  6  5  3  7  5  6  4  3  5-11 66.6 68.7 69.9
 19  1 19  2  0  3  6  0  4  4 12  4-11 67.4 68.7 69.9
 19  1 20  6  4  3  2  3  3  3  3  3-11 67.0 68.7 69.9
 19  1 21  4  2  0  2  2  3  5  6  3-11 67.7 68.7 69.9
 19  1 22  0  2  0  0  2  4  6  7  3-11 68.5 68.7 69.9
 19  1 23 12  9  7 12 15  9  9 27 13-11 69.3 68.7 69.9
 19  1 24 22 18 22  5  5 12 22 32 17-11 70.2 68.7 69.9
 19  1 25  7 12 18 12 18 15  9  6 12-11 72.7 68.8 69.9
 19  1 26  6  6  5  4 15 12  3  3  7-11 74.3 68.8 69.9
 19  1 27  7  5  5  4  2  2  4  3  4-11 72.8 68.8 69.9
 19  1 28  3  0  2  0  0  2  2  0  1-11 73.5 68.8 69.9
 19  1 29  6  0  0  2  3  2  0  0  2-11 70.9 68.9 69.9
 19  1 30  0  0  0  0  0  0  4  4  1-11 71.4 68.9 69.9
 19  1 31  4  2  4  4 12 18 15 56 14-11 70.0 68.9 69.9
 19  2  1  9 18 18  9  9 22 15 22 15-11 70.0 68.9 69.9
 19  2  2 22 27 15  9  7 18 15 15 16-11 68.8 68.9 69.8
 19  2  3 18 15 12  4  5  9  7  9 10-11 69.1 69.0 69.8
 19  2  4  3  0  3  2  5  6 15  9  5-11 68.7 69.0 69.8
 19  2  5 15  5  3  2  2  4  4  2  5-11 68.7 69.0 69.8
 19  2  6  4  7  7 12 12  5  9  9  8-11 67.9 69.0 69.8
 19  2  7  6  5  4  0  2  3  4  7  4-11 68.3 69.1 69.8
 19  2  8  7  6  6  5  3  5  9 22  8-11 68.1 69.2 69.8
 19  2  9 12  7  7  9  6  9 15  4  9-11 68.4 69.3 69.8
 19  2 10  9 12  3  5  2  2  4  4  5-11 68.1 69.5 69.8
 19  2 11  4  5  6  3 15 15  7  9  8-11 68.0 69.6 69.8
 19  2 12  7  9  2  2  4  3  0  9  5-11 68.4 69.7 69.8
 19  2 13  6 12 12 22 22 15  5  7 13-11 68.6 69.7 69.8
 19  2 14 12 18  9 15  2  3  9  6  9-11 69.7 69.7 69.8
 19  2 15  9  4  3  2  3  2  3  0  3-11 69.2 69.7 69.8
 19  2 16  0  0  4  0  4  7  5  3  3-11 69.0 69.6 69.8
 19  2 17  0  0  3  2  0  2  7  9  3-11 68.4 69.6 69.8
 19  2 18 15 15  2  5  5  4  2  2  6-11 68.3 69.6 69.8
 19  2 19  2  4  4  2  0  2  3  2  2-11 68.6 69.6 69.8
 19  2 20  2  0  2  0  2  4  5  6  3-11 69.4 69.7 69.8
 19  2 21 12  7 22  6 12  6  4 15 11-11 69.2 69.7 69.8
 19  2 22  7  2  4  3  2  0  3  5  3-11 69.7 69.8 69.8
 19  2 23  2  0  2  0  0  4  4  0  2-11 69.2 69.8 69.8
 19  2 24  0  0  3  3  4  0  0  0  1-11 69.0 69.9 69.7
 19  2 25  0  0  3  2  0  2  0  3  1-11 68.9 69.9 69.7
 19  2 26  3  0  0  3  2  4  0  3  2-11 69.2 70.1 69.7
 19  2 27  4  0  3  4 15 18 15 27 11-11 69.4 70.2 69.7
 19  2 28 32 18  7 18 32 22 39 15 23-11 68.8 70.4 69.7
 19  3  1 32 27 15 22 12 22 27 27 23-11 68.7 70.5 69.7
 19  3  2 27 18 15  7  7 15  7  6 13-11 68.2 70.6 69.7
 19  3  3  9 12  3  3  5  3  3  7  6-11 68.3 70.8 69.7
 19  3  4  5  9  5  7  7  4  2  7  6-11 69.7 70.9 69.7
 19  3  5  9  4  2  3  4  3  3  7  4-11 70.8 71.0 69.7
 19  3  6  4  6 15  5  7  3  7  6  7-11 71.3 71.0 69.7
 19  3  7  2  2  0  2  9 12 12 12  6-11 69.9 71.1 69.7
 19  3  8 12  3  4  6  0  3  2  5  4-11 70.7 71.1 69.7
 19  3  9  2  0  3  4  9  4  4  9  4-11 69.7 71.1 69.7
 19  3 10  9  7  3  2  2  2  0  2  3-11 70.1 71.1 69.7
 19  3 11  0  0  3  5  3  0  2  3  2-11 69.5 71.1 69.7
 19  3 12  6  5 12  7  5  3  5  5  6-11 69.8 71.1 69.7
 19  3 13  2  6  5  2  3  3  5  2  4-11 70.0 71.1 69.7
 19  3 14  0  4  5  3 12  5 12 15  7-11 69.3 71.1 69.7
 19  3 15  9 12  7  3  3  4 12  4  7-11 68.9 71.1 69.7
 19  3 16  3  5  6 15  9 12  9 39 12-11 68.8 71.1 69.7
 19  3 17 39 27 27 12  6  7  3  2 15-11 68.6 71.1 69.7
 19  3 18  2  3  0  2  3  3  3  2  2-11 69.3 71.1 69.7
 19  3 19  3  3  4  6  7  6 12  9  6-11 69.1 71.1 69.7
 19  3 20  3  6  5  5  6  6  3  4  5-11 76.2 71.1 69.7
 19  3 21  2  4  2  2  2  0  0  0  2-11 79.4 71.1 69.7
 19  3 22  0  0  3  0  2  2  0  0  1-11 81.8 71.1 69.7
 19  3 23  0  0  0  4  2  0  0  0  1-11 78.9 71.1 69.7
 19  3 24  0  0  2  0  0  0  0  7  1-11 75.0 71.2 69.7
 19  3 25  7  4  3  2  4  5  2  9  5-11 70.8 71.2 69.7
 19  3 26  9  9  2  2  3  2  2  6  4-11 68.7 71.3 69.7
 19  3 27  7  6 12  7  6  3  7  3  6-11 68.6 71.4 69.7
 19  3 28  3  9  9  7 15  7  7 15  9-11 68.1 71.5 69.7
 19  3 29  7  7  7  7  4  6  7  5  6-11 68.6 71.6 69.7
 19  3 30  7  5  2  2  3  2  2  2  3-11 69.2 71.8 69.7
 19  3 31  9 22 12  4  7  6  9  3  9-11 69.4 71.9 69.7
 19  4  1  9  6  7 12  7  7  3  0  6-11 69.2 72.0 69.7
 19  4  2  3  2  3  2  3  3 18 15  6-11 70.8 72.1 69.7
 19  4  3  9 18 12  6  9  6  7 12 10-11 70.6 72.2 69.7
 19  4  4 12  6  5  9 12 22  9  4 10-11 70.3 72.3 69.7
 19  4  5 15 18 12  6 12  9 12 12 12-11 71.8 72.3 69.7
 19  4  6  9 15  6  5  3  4  7  5  7-11 73.7 72.4 69.7
 19  4  7  2  6  2  4  6  3  5  7  4-11 76.6 72.5 69.7
 19  4  8 12 18  9  6 15 15  7  9 11-11 78.8 72.5 69.7
 19  4  9 18  7  9  7  6  9  7  7  9-11 79.3 72.5 69.7
 19  4 10 22 27 12  4  7 18 15  5 14-11 78.4 72.5 69.7
 19  4 11  5 12  6  7  7  7  3  3  6-11 78.9 72.6 69.6
 19  4 12 15  6  5  4  6  6  6  9  7-11 77.7 72.6 69.6
 19  4 13 15 15  6  2  4  3  7  5  7-11 78.3 72.6 69.6
 19  4 14  3  6  6  2  3  3  2  5  4-11 75.9 72.5 69.6
 19  4 15  5  5  9  9  5  3  9  7  7-11 75.9 72.5 69.6
 19  4 16  7  6  9  5  5  3  5  3  5-11 74.7 72.5 69.6
 19  4 17  3  3  0  2  0  3  6  5  3-11 76.7 72.5 69.6
 19  4 18  0  0  0  0  4  3  3  3  2-11 75.2 72.5 69.6
 19  4 19  0  2  5  5  5  4  6  4  4-11 73.3 72.5 69.6
 19  4 20  4  3  3  3  3  3  5  4  4-11 70.6 72.5 69.6
 19  4 21  6  4  3  3  3  2  2  2  3-11 69.9 72.5 69.5
 19  4 22  0  0  4  2  4  5  4  2  3-11 70.2 72.5 69.5
 19  4 23  4  2  2  3  3  9 18 18  7-11 69.6 72.6 69.5
 19  4 24 15  5  2  6  9  6  3  5  6-11 70.1 72.6 69.5
 19  4 25  4  6  6  6  6  2  4  2  5-11 68.4 72.6 69.5
 19  4 26  3  0  2  3  3  5  5  6  3-11 68.0 72.7 69.5
 19  4 27  4  2  7  6  5  4  7  7  5-11 67.8 72.7 69.5
 19  4 28  3  2  4  2  3  5  7  7  4-11 68.8 72.7 69.5
 19  4 29  6  4  0  4  5  7  3  4  4-11 67.9 72.7 69.5
 19  4 30  6  4  0  3  4  4  6  5  4-11 69.5 72.7 69.5
 19  5  1  2  6  5  5  7 12 27 22 11-11 68.7 72.6 69.5
 19  5  2 18 18  9  9  7  9 12  4 11-11 70.3 72.4 69.5
 19  5  3  7  7  6  4  6  5  7 12  7-11 70.9 72.3 69.5
 19  5  4  3  7  7 12 12 12  9  5  8-11 73.5 72.3 69.5
 19  5  5  5  4  0  2  2  4  3  3  3-11 74.7 72.3 69.5
 19  5  6  4  2  2  4  6  5  6  5  4-11 77.3 72.3 69.5
 19  5  7  5  7  3  2  4  5  6  3  4-11 80.1 72.3 69.5
 19  5  8  3  2  0  0  0  2  2  4  2-11 76.8 72.3 69.5
 19  5  9  5  5  9  6  5  4  4  9  6-11 77.7 72.3 69.5
 19  5 10  5  6  3  3  4  7 12 15  7-11 77.8 72.3 69.5
 19  5 11 48 22 32 27 27  9  9 22 25-11 79.5 72.3 69.5
 19  5 12  6  3  4  2  0  4  5  5  4-11 77.6 72.3 69.5
 19  5 13  3  2  4  6  4 12  6  7  6-11 76.2 72.3 69.5
 19  5 14 18 67 94 18  7 22 22  5 32-11 76.0 72.2 69.6
 19  5 15  3  6  3  2  6  9  9  3  5-11 75.6 72.2 69.6
 19  5 16  4  6  5  4  5  4 12 15  7-11 75.3 72.2 69.6
 19  5 17  9  3  4  2  5  4  2  3  4-11 73.8 72.2 69.6
 19  5 18  3  3  6  7  4  2  2  2  4-11 72.2 72.1 69.6
 19  5 19  0  3  3  2  2  2  2  6  3-11 69.6 72.0 69.6
 19  5 20 18  6  4  3  4  4  2  2  5-11 70.4 71.9 69.6
 19  5 21  3  4  2  3  6  2  2  2  3-11 69.7 71.8 69.6
 19  5 22  2  5  6  4  3  2  4  4  4-11 69.0 71.7 69.6
 19  5 23  3  4  2  5  5  5  4  6  4-11 68.2 71.6 69.6
 19  5 24  4  6  2  2  3  5  6  5  4-11 68.1 71.4 69.6
 19  5 25  2  2  2  2  2  6  5  4  3-11 68.7 71.4 69.6
 19  5 26  3  3  2  2  2  3  2 15  4-11 69.8 71.3 69.6
 19  5 27  9  9 18  5  4  9  7  3  8-11 69.3 71.2 69.6
 19  5 28  3  4  4  5 12  4  9 15  7-11 70.0 71.1 69.6
 19  5 29 18 22 18  9  7  6  9 15 13-11 70.1 71.0 69.6
 19  5 30 15  7  5  6  5  5  9  7  7-11 70.6 71.0 69.6
 19  5 31  6  5  5  3  2  2  3  2  4-11 70.6 71.0 69.6
 19  6  1  3  2  3  3  2  2  4  3  3-11 71.7 71.0 69.6
 19  6  2  7  2  2  2  2  2  2  4  3-11 71.9 71.0 69.6
 19  6  3  2  0  2  5  5  5  3  3  3-11 71.8 71.0 69.6
 19  6  4  5  5  5  4  6  9  9  7  6-11 72.1 71.0 69.6
 19  6  5  9  3  3  2  2  3  4  3  4-11 71.8 71.0 69.6
 19  6  6  3  3  3  2  2  0  2  0  2-11 70.9 71.0 69.6
 19  6  7  2  2  4  3  5  5  4  3  4-11 71.0 71.0 69.6
 19  6  8  3  3  3  6 18 48 56 22 20-11 70.5 71.0 69.6
 19  6  9 15  6  5  4  4  4  4  5  6-11 70.5 71.0 69.6
 19  6 10  2  2  0  2  3  3  3  3  2-11 71.0 71.0 69.6
 19  6 11  3  3  2  2  2  2  2  2  2-11 71.9 71.0 69.6
 19  6 12  4  3  3  2  5  3  2  2  3-11 71.6 71.0 69.6
 19  6 13  5  6  7  5  9  6  6 27  9-11 69.6 71.0 69.6
 19  6 14  9  6  9  6  6  4  3  3  6-11 70.1 71.0 69.6
 19  6 15  2  4  5  5  3  3  0  3  3-11 68.8 70.9 69.6
 19  6 16  4  5  4  2  3  4  3  3  4-11 68.0 70.8 69.6
 19  6 17  0  2  2  3  4  3  2  0  2-11 68.5 70.7 69.6
 19  6 18  2  2  2  2  5  3  4  3  3-11 69.2 70.6 69.6
 19  6 19  3  2  3  4  4  3  2  3  3-11 70.2 70.5 69.6
 19  6 20  2  6  9  6  4  4  7  9  6-11 69.9 70.3 69.6
 19  6 21  5  6  4  5  5  3  5  9  5-11 68.6 70.2 69.6
 19  6 22  5  6  5  3  2  3  2  0  3-11 68.6 70.1 69.6
 19  6 23  0  0  2  3  5  3  2  2  2-11 69.5 70.0 69.6
 19  6 24  6  6  2  3  6  3  5  3  4-11 70.2 69.9 69.6
 19  6 25  3  2  2  3  4  2  3  5  3-11 70.2 69.8 69.6
 19  6 26  6  5  6  6  4  4  2  5  5-11 70.3 69.8 69.6
 19  6 27  5  4  0  2  4  3  4  3  3-11 69.3 69.7 69.6
 19  6 28  7  4  2  2  3  3  4  3  4-11 70.4 69.7 69.6
 19  6 29  2  2  3  2  3  3  3  4  3-11 69.9 69.7 69.7
 19  6 30  9  2  2  2  5  3  2  4  4-11 69.7 69.7 69.7
 19  7  1  9 15  9  5  7  5  5  6  8-11 70.5 69.7 69.7
 19  7  2  5  3  4  4  5  6  7  2  5-11 69.5 69.7 69.7
 19  7  3  0  2  5  4  5  5  5  0  3-11 69.1 69.7 69.7
 19  7  4  0  2  2  2  7  5  9  7  4-11 69.9 69.7 69.7
 19  7  5  6  3  4  4  6  3  2  2  4-11 69.0 69.7 69.7
 19  7  6  4  4  3  3  2  2  2  3  3-11 68.8 69.7 69.7
 19  7  7  2  4  5  4  4  3  4  6  4-11 69.6 69.7 69.7
 19  7  8  9  5  3  0  2  3 22 18  8-11 68.7 69.7 69.7
 19  7  9 15  9  7  6  6 12 48 18 15-11 69.7 69.7 69.7
 19  7 10  6 32 39 18  9  7  4  6 15-11 70.1 69.7 69.7
 19  7 11 12  7 15  4  4  3  3  2  6-11 69.4 69.7 69.7
 19  7 12  3  5  7  6  5  3  3  4  5-11 69.0 69.6 69.7
 19  7 13  2  3  4  6  6  7  9  5  5-11 68.2 69.6 69.7
 19  7 14  7  3  3  2  3  4  6  9  5-11 69.4 69.5 69.7
 19  7 15 12  6  4  9  6  4  9  2  7-11 69.3 69.5 69.7
 19  7 16  2  5  6  5  4  4  6  4  5-11 69.5 69.4 69.7
 19  7 17  5  9  5  4  5  3  4  6  5-11 70.0 69.4 69.7
 19  7 18  2  0  2  3  4  4  3  5  3-11 69.2 69.3 69.7
 19  7 19  3  2  2  4  3  3  3  4  3-11 68.9 69.3 69.7
 19  7 20  0  0  3  2  3  2  3  2  2-11 69.1 69.2 69.7
 19  7 21  0  3  6  5  4  6 15 22  8-11 69.8 69.2 69.7
 19  7 22  6  5  9  9  9  6  7  4  7-11 69.5 69.1 69.7
 19  7 23  3  7  7  6  7  3  3  6  5-11 69.6 69.1 69.7
 19  7 24  4  4  0  3  5  5  4  5  4-11 70.0 69.1 69.7
 19  7 25  2  0  0  2  4  3  2  3  2-11 70.3 69.1 69.7
 19  7 26  0  0  2  2  2  2  2  2  2-11 69.8 69.1 69.7
 19  7 27  2  2  2  5  3  4  9  5  4-11 68.7 69.1 69.7
 19  7 28  5  6  4  4  4  4  3  2  4-11 69.2 69.1 69.7
 19  7 29  6  6  5  2  4  5  2  2  4-11 68.2 69.2 69.7
 19  7 30  5  2  0  3 12 18  9 12  8-11 68.3 69.2 69.7
 19  7 31 12  5 12  5  4  4  6  7  7-11 68.9 69.2 69.7
 19  8  1 18  6  5  3  3  3  6 12  7-11 68.8 69.2 69.7
 19  8  2  4  4  4  3  3  2  2  3  3-11 68.9 69.2 69.7
 19  8  3  2  2  0  2  2  2  3  2  2-11 67.7 69.2 69.7
 19  8  4  2  2  6  4  2  3  2  4  3-11 68.8 69.2 69.7
 19  8  5  3 15 48 56 56 48 22 22 34-11 70.1 69.2 69.7
 19  8  6 12 12  7 15  9  7  4 12 10-11 70.1 69.2 69.7
 19  8  7  9  6  4  5  4  4  4  7  5-11 69.9 69.2 69.7
 19  8  8  5  6  5  4 12  7  4  3  6-11 70.6 69.2 69.7
 19  8  9  0  3  5  6  5  7  6 12  6-11 69.1 69.1 69.7
 19  8 10 12  6  5  6  6  4  5  6  6-11 69.1 69.1 69.7
 19  8 11  2  4  4  6  9  4  4  7  5-11 69.5 69.1 69.7
 19  8 12  3  5  4  5  5  4  4  6  5-11 69.0 69.1 69.7
 19  8 13  6  5  4  7  6  7  5  6  6-11 68.6 69.1 69.7
 19  8 14  4  4  4  5  4  3  2  2  4-11 69.1 69.0 69.7
 19  8 15  0  3  3  3  4  3  5  4  3-11 69.4 69.0 69.8
 19  8 16  5  3  5  7  4  3  3  2  4-11 69.2 69.0 69.8
 19  8 17  5  7  3  4  4  3  2  2  4-11 69.7 69.0 69.8
 19  8 18 12  6  5  3  3  4  5  4  5-11 69.2 68.9 69.7
 19  8 19  3  4  2  3  3  4  2  3  3-11 69.3 68.9 69.8
 19  8 20  6  5  3  3  5  3  3  4  4-11 68.9 68.9 69.8
 19  8 21  4  5  4  2  3  5  4  2  4-11 68.4 68.9 69.8
 19  8 22  5  4  4  5  3  3  9  6  5-11 67.3 68.9 69.8
 19  8 23  3  6  4  5  2  2  3  3  4-11 68.0 68.9 69.8
 19  8 24  7  5  2  5  2  4  3  0  4-11 67.8 68.8 69.8
 19  8 25  4  4  6  2  2  2  2  3  3-11 67.4 68.8 69.8
 19  8 26  5  2  4  7  4  4  5  9  5-11 67.2 68.8 69.8
 19  8 27 12 15  7 15  7  6  9  7 10-11 67.5 68.8 69.8
 19  8 28  7  6  5  3  4  3  3  2  4-11 67.2 68.8 69.8
 19  8 29  3  0  0  3  6  4  3  3  3-11 67.2 68.7 69.8
 19  8 30  3  4  4  5 12 12 18 15  9-11 67.8 68.7 69.8
 19  8 31 22 39 27 56 67 27 32 32 38-11 67.7 68.7 69.8
 19  9  1 39 39 56 48 56 32 39 39 44-11 68.3 68.7 69.8
 19  9  2 48 27 22 12  7 12 27 18 22-11 70.0 68.7 69.8
 19  9  3 15 12  9  7  6  5  6  6  8-11 69.8 68.6 69.8
 19  9  4 15 12 12  7  9  7 15  7 11-11 69.8 68.6 69.8
 19  9  5 18 27 15 12  6  5  7  9 12-11 69.4 68.5 69.7
 19  9  6  6 18  7 12  3  2  6  3  7-11 70.0 68.5 69.7
 19  9  7  2  5  9  5  5  6  6  9  6-11 75.0 68.4 69.7
 19  9  8  6  7  9  6  6  9  9 12  8-11 68.5 68.4 69.7
 19  9  9 15  9 15 18 15 18  6  9 13-11 69.8 68.4 69.7
 19  9 10  5  5  3  7  6  2  0  2  4-11 70.9 68.3 69.7
 19  9 11  3  4  7  6  4  4  3  2  4-11 69.0 68.3 69.7
 19  9 12  5  3  6  7  5  6  5  4  5-11 70.3 68.2 69.7
 19  9 13  7 12 12  6  6  4  5  4  7-11 69.1 68.2 69.7
 19  9 14  0  7  6  6  4  3  6  7  5-11 69.4 68.1 69.7
 19  9 15  4 12  7  5  5  6  7 15  8-11 68.4 68.1 69.7
 19  9 16 22 27  5  4  3  7  7  7 10-11 69.4 68.0 69.7
 19  9 17 18  5  3  3  2  3  9 22  8-11 68.2 68.0 69.7
 19  9 18 12  6  7  7 15  4  5  5  8-11 66.9 68.0 69.7
 19  9 19  4  2  3  3  3  2  5  2  3-11 67.7 68.0 69.7
 19  9 20  4  2  2  2  3  2  3  3  3-11 67.7 68.0 69.7
 19  9 21  9  7  9  7  5  4  4  5  6-11 68.2 68.0 69.7
 19  9 22  9  4  2  2  2  3  3  2  3-11 68.8 68.0 69.6
 19  9 23  2  0  2  3  2  5  3  3  3-11 66.6 68.0 69.6
 19  9 24  9 15  9  3 18 22 12  4 12-11 67.5 68.0 69.6
 19  9 25  2  3  7  6  2  2  2  5  4-11 67.9 68.0 69.6
 19  9 26  9  3  2  2  2  0  0  4  3-11 67.4 68.0 69.6
 19  9 27  2  5  6  6 18 32 56 48 22-11 66.8 68.0 69.6
 19  9 28  9 32 39 32 18 15 22 22 24-11 67.5 68.0 69.6
 19  9 29  6 12  9  6  4 22 22 18 12-11 67.7 68.0 69.6
 19  9 30 15 18 22  9  7 12  5  9 12-11 68.1 68.0 69.6
 19 10  1 18 27 15  9  4  3  3  5 11-11 68.8 68.0 69.6
 19 10  2 15  0  0  7 12  4  4  9  6-11 68.4 68.0 69.6
 19 10  3  6  5  4  4  2  3  5  4  4-11 68.3 68.0 69.6
 19 10  4  4  6 12  6  7  7  6  3  6-11 68.1 68.0 69.6
 19 10  5  5  5  4  7  6  6  6 15  7-11 67.8 68.0 69.6
 19 10  6  4  7  6  5  3  5  0  2  4-11 67.3 68.1 69.6
 19 10  7  2  3  4  3  5 12  9  7  6-11 67.6 68.1 69.6
 19 10  8  5  5  5  3  3  4  6  4  4-11 67.0 68.1 69.6
 19 10  9  6  9  6 22  5  6  4  5  8-11 67.9 68.1 69.6
 19 10 10  5 32 32  7  5 15  5  6 13-11 67.3 68.1 69.5
 19 10 11  3  4  7  7  5 15  9  5  7-11 68.3 68.1 69.5
 19 10 12  7  7  3  5  4  3  4  3  5-11 68.0 68.1 69.5
 19 10 13  3  0  0  0  0  0  0  0  0-11 66.9 68.1 69.5
 19 10 14  3  6  4  4  4  7  7  3  5-11 65.8 68.1 69.5
 19 10 15  9  3  0  2  0  2  6  5  3-11 66.9 68.1 69.4
 19 10 16  6  5  7  5  4  2  6  6  5-11 65.9 68.0 69.4
 19 10 17  6  5  6  5  4  4  4  4  5-11 65.6 68.0 69.4
 19 10 18  4  7  6  5  5  3  4  6  5-11 65.6 68.0 69.4
 19 10 19  4  3  3  4  4  6  6  4  4-11 65.5 68.0 69.4
 19 10 20  3  5  4  3  3  3  5  9  4-11 64.4 67.9 69.4
 19 10 21 12  2  3  6  3  0  4  5  4-11 63.4 67.9 69.4
 19 10 22  0  2  3  3  2  5  5  0  3-11 64.9 67.9 69.4
 19 10 23  2  0  0  0  2  3  3  0  1-11 63.9 67.9 69.4
 19 10 24  0  5  5 27 15 32 27 32 18-11 64.3 67.9 69.4
 19 10 25 39 27 56 27 18 18  9  9 25-11 67.9 67.8 69.4
 19 10 26 18 15 15 39 27 32 22 22 24-11 67.8 67.8 69.4
 19 10 27 27 15 15  6  5 15 27 12 15-11 68.0 67.8 69.4
 19 10 28  9 12 18  7  6  7 12  9 10-11 68.5 67.8 69.4
 19 10 29 12 15  3  0  3 12  9  5  7-11 68.2 67.9 69.4
 19 10 30  4  5  4  4  9  9  9  9  7-11 68.8 67.9 69.4
 19 10 31 22  2  2  5  0  2 12  6  6-11 70.2 67.9 69.4
 19 11  1  5  9  3  2  3  0  0  0  3-11 69.6 67.9 69.4
 19 11  2  0  0  0  0  0  0  2  4  1-11 69.6 67.9 69.4
 19 11  3  4  2  0  0  0  0  0  3  1-11 68.3 67.9 69.4
 19 11  4  4  3  7  4  4  3  3  2  4-11 69.6 67.9 69.4
 19 11  5  6  4  0  4  4  7  7  7  5-11 69.2 67.9 69.4
 19 11  6  6  4  3  3  7  5  5 12  6-11 68.1 67.9 69.3
 19 11  7  7  7  3  4  0  3  2  2  4-11 68.5 67.9 69.3
 19 11  8  3  2  0  3  3  4  3  4  3-11 68.9 67.9 69.3
 19 11  9  9  6  0  2  3  3  2  6  4-11 68.3 67.9 69.3
 19 11 10  5  2  5  4  2  0  0  0  2-11 69.4 67.9 69.3
 19 11 11  0  6  5 12  9 12  6 12  8-11 68.1 67.9 69.2
 19 11 12  9  3  3  2  4  4  2  0  3-11 69.3 67.9 69.2
 19 11 13  0  0  0  0  0  0  3  5  1-11 69.6 67.9 69.2
 19 11 14  7  4  2  2  3  2  0  0  3-11 68.4 68.0 69.2
 19 11 15  0  0  0  2  2  4  5  3  2-11 68.5 68.0 69.2
 19 11 16  6  6  2  3  6  6  9  7  6-11 68.2 68.0 69.2
 19 11 17  5  4  3  0  2  2  5 12  4-11 68.5 68.1 69.2
 19 11 18  0  0  0  0  0  0  2  0  0-11 68.8 68.1 69.2
 19 11 19  0  5  2  0  0  4  4  0  2-11 67.6 68.1 69.2
 19 11 20  0  4  0  0  0  0  0  4  1-11 68.5 68.1 69.2
 19 11 21  6  6  4  6  7 15 15 22 10-11 69.1 68.1 69.2
 19 11 22 27  7  9  7 12 15 15  9 13-11 67.9 68.1 69.2
 19 11 23 15  7  5 12 12  9 12  6 10-11 68.5 68.2 69.2
 19 11 24 18 15 12  6 12  9  5  9 11-11 68.8 68.2 69.2
 19 11 25  6  3  4  4  3  4  3  7  4-11 67.7 68.3 69.2
 19 11 26  6  7  0  0  0  2  2  2  2-11 68.6 68.3 69.2
 19 11 27  2  3  3  4  4  7  6  5  4-11 69.6 68.3 69.2
 19 11 28  5  2  2  2  2  4  6  2  3-11 68.3 68.4 69.2
 19 11 29  3  3  2  3  3  4  5 12  4-11 67.9 68.4 69.2
 19 11 30  5  3  2  2  3  3  4  5  3-11 68.5 68.5 69.2
 19 12  1  5  3  0  0  3  4  5  6  3-11 69.2 68.6 69.2
 19 12  2  2  4  3  0  0  0  0  0  1-11 68.4 68.7 69.2
 19 12  3  0  2  0  2  0  2  2  2  1-11 67.9 68.8 69.2
 19 12  4  4  6  3  2  4  2  3  0  3-11 67.6 68.8 69.2
 19 12  5  0  0  0  3  3  3  2  0  1-11 68.6 68.8 69.2
 19 12  6  0  4  3  2  3  3  2  3  3-11 68.3 68.9 69.2
 19 12  7  3  0  0  3  2  2  2  3  2-11 68.2 68.9 69.2
 19 12  8  0  2  2  0  2  3  5  5  2-11 69.4 68.9 69.2
 19 12  9 12  4  0  0  2  3  2  6  4-11 68.6 68.9 69.2
 19 12 10  3  7  4  4  2  2  3  4  4-11 68.4 68.9 69.3
 19 12 11 12  7  2  3  4  6  3  6  5-11 68.6 68.9 69.3
 19 12 12  4  0  5  5  2  0  2  6  3-11 68.3 68.9 69.3
 19 12 13  5  7  5  2  0  2  3  0  3-11 66.8 68.9 69.3
 19 12 14  3  0  2  0  2  2  0  5  2-11 68.1 68.9 69.3
 19 12 15  7  7  4  2  2  2  3  9  5-11 68.8 68.8 69.3
 19 12 16  3  0  2  0  4  3  2  0  2-11 67.7 68.9 69.3
 19 12 17  0  3  4  3  0  0  0  0  1-11 68.2 68.9 69.3
 19 12 18  4  5  5 18 22 27 12  5 12-11 68.0 68.9 69.3
 19 12 19 15 22 22  9  7  9  5  2 11-11 67.7 69.0 69.3
 19 12 20  9  4  4  2  6  7  4  6  5-11 67.7 69.0 69.3
 19 12 21  9  2  5  4  3  2  6  3  4-11 68.4 69.1 69.3
 19 12 22  6  0  6  0  2  2  4  4  3-11 68.7 69.1 69.3
 19 12 23  0  5  2  5  4  3  0  2  3-11 70.2 69.1 69.3
 19 12 24  5  0  2  2  2  0  0  0  1-11 70.3 69.1 69.3
 19 12 25  2  0  3  3  2  4  6  6  3-11 69.8 69.1 69.3
 19 12 26  9  4  2  3  2  3  3  4  4-11 69.7 69.1 69.3
 19 12 27  4  3  3  3  0  2  0  0  2-11 70.1 69.1 69.3
 19 12 28  3  2  0  0  0  2  0  2  1-11 69.8 69.2 69.3
 19 12 29  0  0  2  0  0  0  0  3  1-11 69.6 69.2 69.3
 19 12 30  0  0  2  2  0  3  2  3  2-11 68.6 69.2 69.3
 19 12 31  3  4  2  0  3  3  5  3  3-11 68.2 69.2 69.3